139.839722885042 447.6623773374453
457.61646175118153 726.3670306402709 
951.0840329672528 502.4927215095194 
781.6579491521571 942.9276558195195 
581.5650545559347 459.74830200645323 
681.8945740147792 525.0456559982794 
303.1851639959543 896.3647587549596 
10.963808825480093 633.2931405983471 
593.7670967242799 405.57092746287793 
497.0471169527179 582.8809236380306 
784.7243369850479 647.6546267682605 
508.6578160326829 847.1122633153506 
158.9051796653137 139.1316861179853 
688.6904093448373 516.7535107329759 
991.1543515278312 18.78005011974637 
493.90089373161885 331.6352416293428 
207.20292363827707 994.0168345055639 
64.46101698681439 554.5852106825523 
497.9435393965222 189.00121738003128 
85.36378572878434 735.750808302429 
776.3349993568823 490.3090198745059 
556.5842554936163 977.3096529020079 
599.0015979292334 78.6269192007173 
441.3744073179565 718.9157323429451 
37.70258558797279 596.7992331572589 
624.0775302567747 627.6550690810323 
17.05188664885393 164.83712698493812 
952.3984475155456 717.2100454521309 
398.80728499650644 304.58907056410646 
589.0405386094586 912.2011363951393 
892.6848107959052 641.5417547376105 
991.8787670824313 842.4984297526628 
434.1373884285963 383.4769821406133 
834.8053505866586 991.9538773152894 
607.0403345946729 415.1321876021273 
321.5134462508391 17.90844803561931 
690.257624295469 776.5269689375501 
38.91629905935589 188.2869778389452 
991.7517737060826 704.3039768197854 
411.66302665058487 622.9468701183675 
652.7367298375739 681.8775163467667 
644.5282905049504 544.9600502084751 
57.12866002117034 625.4619468177046 
590.8154867695891 829.2570170783086 
887.107439643883 782.2944635525381 
653.5583572706769 101.98355428531369 
873.7611439861173 18.71072662451145 
347.4545053323412 120.56929687127649 
112.02231605824875 961.1523710008506 
693.6719688648853 29.377360412376486 
585.7591385596759 67.32506917322046 
992.816126528979 690.9722805752366 
841.72869725696 562.4830673355425 
144.70343426328714 250.57712145690368 
161.17695290817713 681.0240392431199 
610.0503064917054 691.5455515353023 
636.8543880682427 957.5623041285126 
570.8129758711821 495.637012504193 
41.82275124557078 363.2144472178088 
829.4990827010885 841.1021036175263 
689.9173044562206 346.85632310708945 
100.66968997237969 932.5954875098579 
655.7977361260006 350.0035309534487 
310.9426447768486 89.67388761752592 
581.9281423795862 685.4795218485013 
584.2035173783108 92.7275208252415 
104.69921374526226 381.6555803806079 
287.9329098272688 853.3551089164565 
942.7487259826204 420.78630083914936 
585.4321151923552 882.7705660082407 
682.4434804225403 893.363724048973 
799.0481433525066 160.78415649135215 
525.566696403809 674.5216815868233 
824.0805353778935 519.4513964344708 
187.1838303028146 429.228511175175 
49.04064940296371 882.7591042252564 
889.0240836401284 821.0905018945958 
778.3811117710767 739.5237364431201 
423.49755457819026 77.1335262069106 
809.7398263204669 312.26750246802584 
806.7758810490448 685.4027254886355 
703.1615770383085 95.41187715738498 
268.27435451602867 854.2799180458338 
800.9053488753348 554.9103626932226 
107.9619980089237 232.15393982871134 
143.29291275238532 759.8501910913933 
732.3837143872292 490.75932237523676 
593.0717835928483 743.4469907500201 
255.17811820427528 264.65554295760495 
694.0862991548487 405.06379435191576 
698.9930774974597 291.0386776736702 
168.76200122564478 957.0806395681872 
652.995829124302 248.4826784093883 
97.40857293622274 762.959664656487 
45.238541889438096 936.3096235087625 
895.0715429357003 544.9983861898003 
363.49317155594605 883.5462302233732 
73.82367333736151 712.8120686222306 
689.6346578336817 482.7732642548954 
354.50838190304324 348.51507961040517 
672.5985856982339 811.5784092879692 
634.552519978004 793.2914862501112 
858.2346983184538 541.9791659100819 
385.4089251980702 100.65554538817123 
272.99280496647447 38.76484296714522 
639.9533696798846 56.88293677178579 
967.4145393608727 737.2842947086857 
731.1502321949766 949.048606773409 
928.0265200615299 770.5447642666272 
704.9936643943184 251.1524434852439 
522.2411462937781 693.4705802304046 
427.7054121755962 212.52038871056655 
413.05157895557676 584.5670848449276 
47.43102332492377 841.8175514638605 
277.30771376538354 512.4959958301052 
563.305415067436 96.42968621351922 
457.2536991825168 331.03450952317036 
14.924895024551855 531.8556134491412 
643.4870037018542 137.34090799044296 
781.1977926048663 194.6598734492546 
110.349239093806 320.5707480800543 
782.0288580461805 115.46055838855185 
467.02983522692796 354.6172179008078 
976.5740129732102 487.48747521958103 
919.0789194042857 261.8767693910972 
340.8400179276451 54.51620444869243 
828.5832535609119 179.02224434996438 
804.1469746206609 335.6128462354099 
239.8555006841133 841.0379544353586 
516.7466095159729 722.9676662067955 
180.05526523918937 658.11391847606 
41.66567097008844 332.261624029777 
189.94656888208738 605.5795051664302 
457.73495133248343 306.2479236298444 
44.78011065495369 864.487785833889 
38.74320361865868 288.44803342789095 
466.156800027447 185.46224306867765 
436.87479040701226 562.5247895628547 
731.545719182285 367.6396716381185 
485.9362245502044 642.6420063064799 
692.2856670221538 713.7430521546063 
813.3237708602599 963.5587160790229 
134.71597626652232 84.7587275296694 
600.7083913314234 71.97816998044382 
924.2673493194287 274.8753912766373 
96.37822751516578 663.407763544741 
4.9639073094011055 570.0635554751466 
89.56614505647443 664.8641469791451 
9.529757753126367 402.4261508174145 
204.1738247683025 620.4588285343203 
677.306722569043 156.04693008041204 
601.6623228017401 363.18113252658367 
557.4597931640408 483.20915614413906 
329.53500534081405 308.63779296660357 
397.2606279904711 358.1282516291875 
405.7882783384114 621.2325014415771 
83.19431336068506 589.3378996743219 
882.7535574919281 0.4003301356677591 
63.01015641470231 560.7630372033755 
271.29939901419243 468.7512433806942 
104.38130314695371 268.6844314687101 
407.39207498672334 870.7448991713759 
256.0534616318436 452.07111323111906 
363.3264969010612 395.2630303126708 
450.11803382480673 261.0972200801895 
745.7563446916254 846.7574563568148 
573.648243368102 427.34392185525917 
378.43799948258385 522.2058587481902 
340.3851912253784 108.80991686120089 
757.2054852403166 967.6537034904686 
699.2300141115173 918.0288969444503 
259.1959394498613 630.8616161620599 
790.6747203597507 880.5258370385046 
958.0282889214772 626.5050222524698 
627.5445343208683 68.30275530878072 
6.971265694947326 907.3852264288615 
593.1667476026141 390.9402166753571 
714.2311021746967 169.19909060001348 
163.00076663323492 608.3231119257443 
830.6752391604617 402.1813152475684 
642.7735160881059 24.01005430215808 
743.0217233390234 265.236137247986 
578.4219568417591 207.84332234356663 
200.66966107104867 646.311555147289 
876.5239111838803 19.998768242004306 
276.27209807485644 490.98820406923636 
341.6703598548838 349.07943394017093 
621.5827125019492 84.64206463442181 
907.3006328935791 787.8265501123778 
123.97324546616895 154.44599289612125 
843.4861746991728 910.0633915916233 
482.5585723305172 937.9711152022265 
527.3771488181274 811.4330519667492 
363.4362453689413 167.23349352304817 
402.7635446285387 99.35514384911981 
221.94991387475827 249.0822400267707 
741.0224044306805 916.7752210600003 
141.43445210224803 12.27659568715156 
301.13859115684215 944.2419629322668 
818.7034368026096 86.34574335817425 
246.34875679584422 714.8436395448355 
751.6841916304687 959.9718468881991 
790.9695984010534 702.3591903226195 
827.0825973477808 179.22884808909257 
227.34387068738314 471.7676299733634 
60.17572415980288 866.153805968865 
54.306967468935376 661.5939268132383 
922.3544634788715 302.7248071584977 
945.8322760002435 716.1141148181339 
136.63900273517893 2.314788570948245 
807.2293185871549 929.7674006769605 
239.76255443850582 411.21880928479493 
694.7319424663626 75.51013107713177 
200.9706192198737 806.2110672900551 
393.5411423815407 479.092706613382 
191.07693125690406 809.6692041161061 
495.9980448434836 645.0081732413663 
304.9786579697566 463.50905503851436 
236.4952207850528 508.0836769754683 
415.89988622205374 940.9644186153159 
90.72402356439957 858.4410462753461 
581.4713900157568 107.19187821296417 
856.187605054613 561.4549708130463 
265.00481893175197 324.6028556133179 
180.57592808460964 407.0618519526755 
424.8825899120965 975.6142412346001 
357.8604483043499 619.9149232280247 
885.9866292806885 368.0003865061315 
10.557640496047792 653.364343054052 
170.5725379057378 922.8553971374798 
768.9819550067092 419.0806815935343 
871.9325789685586 530.0080813746125 
168.26863647885105 642.5083052929037 
259.5444058811325 103.63023092522772 
124.27157542040945 260.94518538209445 
973.9772821283487 398.16101066165663 
442.3671189504191 782.9087339601107 
919.3538673505785 912.5631885152377 
775.0366264291913 857.3926528514714 
135.54513395973177 443.922975881844 
387.5452878659512 563.2479992571003 
470.3672426442631 279.8782029073895 
776.6896574227688 57.24353103501956 
617.831535427779 463.1919095735003 
152.13816992564634 807.9992626822277 
283.9008602958988 585.3180827620496 
185.2284934986128 197.56971247359678 
279.1018715687349 319.6843179709695 
283.3317657481598 803.5116522077284 
263.6259171983101 766.6087508464877 
953.8371309068505 679.8087562849897 
156.53036342402493 232.1524438197494 
685.2117677777393 242.69063599876273 
176.56150868580943 144.75972105660085 
711.3832585112841 296.7610085680282 
21.38377091036037 699.6519326417283 
719.6054580475111 834.7794268396964 
172.84703698413017 739.8788783300581 
997.0110437460867 559.328734995941 
358.80305344189946 556.2557357909574 
471.9215861635054 938.9197495610892 
235.1830413497489 830.6221829017348 
698.1162492064782 241.87595869991029 
585.241197671186 501.24900119430816 
715.7042698431286 79.03827664069595 
404.40011847199054 215.08097136944494 
962.3947012556036 225.0967847214539 
111.08758541873998 50.216451199012305 
433.79791311906024 489.188988874671 
153.84853055917736 592.3063023896964 
565.6021127486741 496.80676409915947 
7.310461156468051 389.5501318215215 
397.2172094051734 189.1940463166616 
678.7331648240836 158.1463942125676 
784.471194652592 328.8367094330783 
591.3414983089809 363.8411930882456 
984.831077811432 707.4518288197513 
577.337620659128 472.22857407174456 
199.29175054895865 292.3667204931848 
427.85144629569817 560.2754329897532 
288.14505528745724 917.4625290557698 
53.403977469667964 640.9131376527138 
393.0734203567514 300.0247731486948 
40.17470132803691 742.587717397384 
213.88824711727716 103.03358481687962 
125.67748835747194 946.4053452912955 
639.2125991041116 445.06947011461426 
921.790138296892 689.3942411559328 
546.4946501834904 405.95906235137204 
658.7344928496476 337.5218059002837 
613.4972203272418 151.01844551709442 
191.6031210901522 199.62966448753173 
896.2998073302838 19.17044812796631 
405.06354392629805 763.6232663523347 
45.3653951213866 61.44656815139405 
592.1156580179922 566.079683852204 
501.20239383622425 454.9565497623127 
337.57285283588277 991.5625041905059 
123.79597869764092 925.4490440189497 
637.686415385418 172.71949206588587 
960.6679061454871 233.13221950882223 
546.9698301513789 885.6238355855572 
142.69063184643193 295.9011196123007 
639.6116602570429 42.08625746483563 
815.2607141877442 440.6530476584777 
507.20684452537523 504.38917718233967 
323.06022885924904 902.1884311978235 
537.3638971999577 153.52318948447697 
511.0673638915204 844.234581415524 
990.4778759844015 191.1525542777077 
573.6670393520807 114.08099840970209 
866.5635004786001 829.398040855389 
327.2319986900992 350.3950662207289 
180.1038184824063 769.3607721426318 
167.4922754959024 892.6516971055778 
528.2648142901049 933.4067029687495 
231.5632027048199 308.4284537880554 
637.597413088144 912.9664439467064 
433.4312154327057 315.67842475592755 
595.8335054636179 114.49533698277314 
615.3065508506764 370.739917804222 
370.9813297166722 80.18923786306054 
628.0239985120945 174.04681982488802 
135.24178957742862 385.8781946734615 
96.03228246807627 858.6570627338588 
41.73054257461051 869.4782871329893 
471.38254559556225 596.145488631444 
162.66940972320498 634.8029173184616 
948.8276296253099 444.82430668535335 
857.5462713194219 593.0529635146428 
995.504099201459 535.0708573837959 
279.13393732865677 189.26306795534808 
159.463098630519 351.95532222124115 
894.0008388916991 442.24404008216544 
299.0204571360042 620.9135631061736 
703.051486436123 23.834586041548423 
992.0727554294037 677.9675793076669 
149.92864628199254 671.7598479218461 
226.30031461586307 350.09471363208087 
135.79384263399885 355.15942297876455 
246.0619570795889 902.7635984001777 
37.64137475049456 797.17172513604 
171.0090902456224 447.99049918234067 
3.8534706095497695 853.8576458473731 
545.2630495902163 118.02119720444392 
15.409276916921844 809.3665100646558 
123.03170451113755 206.36705280092548 
938.3780747455851 117.86131192417481 
878.4748264606598 917.9613023927357 
959.3038040072365 374.8266402998799 
625.7046857330571 206.86888501934698 
401.55210153844575 306.3179476264799 
571.7159411095647 181.98736389193982 
246.89181373016632 349.1371206957059 
608.8642346558855 277.6880656906029 
540.8623096006467 872.039530257048 
621.7838248349829 692.4252311907184 
78.91976551558955 515.1026698006407 
233.34845214988232 856.948721964829 
931.8126317319621 397.26188588572074 
122.54652098121221 239.14212802777757 
136.14781945242305 227.08004740763943 
372.93625854097644 304.46995555760327 
805.7651220040681 403.8792279594936 
984.4641959155937 113.4721430636313 
355.55644220808927 334.0199072247495 
636.8093781616902 280.5173083806809 
653.3178921841603 266.22662910488214 
703.9347413448528 306.76361177740773 
649.088864333151 623.473140437057 
406.4073243647104 798.1346611848082 
24.70525642482113 513.0214049312632 
771.7147926366662 69.4590691872996 
572.0206085700576 668.2343302632203 
712.2076856411813 947.4177175340473 
110.30897241907955 609.522905453894 
170.88941489317511 594.9364891123522 
488.9230081681752 753.3206486214344 
374.906514264207 144.23190792464914 
681.066775134129 141.2107579500076 
255.34974013527813 967.410055892825 
940.8651274193141 971.5727265932553 
723.2638929108555 257.01633563311424 
563.8605995943342 559.9168155473695 
928.0024904470949 265.55061359021295 
359.3845934116916 700.7924470735186 
526.1588067949398 468.9092291082686 
397.9092872750112 857.1142697008795 
176.5155638033258 236.720814335317 
235.75942121422676 98.17915550548572 
429.20601696846893 281.5094460240259 
339.27632420659205 38.96329778871088 
380.1839662034414 711.475635523033 
156.8753822723361 395.99433255810544 
543.2143642412875 917.1123206651991 
230.58574072263804 973.5454050376973 
183.47094604413695 967.9056120016716 
310.7935367649384 10.641154184677148 
565.1292141791896 137.8185932542637 
701.9219387659418 276.4407594626962 
142.3738145703407 992.204055981511 
435.9949136483009 922.3107956243107 
812.3696843177594 294.862282117035 
299.8445204791756 401.06824265145934 
442.2357933334512 466.3561616289469 
664.7280564839972 226.64591198583383 
538.7545180551336 758.327646671127 
730.6873444718135 200.8012222189507 
354.6294673770177 766.0237071022422 
5.254083055452163 954.0884307333802 
481.2242685633105 160.6401336537754 
356.2312619202448 974.6740061014215 
942.2546732334191 397.48447864400896 
524.6564732578211 957.1085913390543 
22.717866318230474 267.57914142254316 
542.1836211808195 511.94813553690386 
940.7734224314391 542.2706070386201 
101.61213995543083 77.34683876456239 
182.36559988817336 724.4447156012767 
664.391911713727 978.2789748565657 
836.2361389477984 171.9377666669164 
890.1385197502325 738.9707011213786 
94.45433280449178 151.04053239958847 
95.28326300893985 213.4794954788859 
115.98110084469737 653.4273442540699 
127.32046986059187 522.2164409334765 
594.5005145195809 540.3031588626146 
148.3766377477207 963.8720413275407 
948.2747399431809 296.537746888239 
943.8823069637874 992.9916077639499 
766.3678843094167 647.8103757846656 
952.6287227258896 393.27071501511614 
426.28787555431967 30.19984438637746 
655.5333160567677 300.74464336453923 
879.1533938965223 659.6791319860049 
520.4849500962999 447.66597646753524 
243.191651493181 940.8226420121356 
640.6287147631509 17.13259924594046 
926.5048169922322 909.3187241720793 
138.2515674865099 591.5058152467635 
553.5047969449043 165.58215072420467 
514.1588686129604 510.5874837834855 
394.87493397518483 412.60467170599634 
347.32753640011174 815.834753228527 
887.8730947319435 441.96799590789703 
58.61332727112378 730.3857174069227 
832.0668253379359 915.6949485163611 
754.3101335259489 907.5795142804557 
531.0774838578643 153.43944945982824 
207.81948005240625 206.34703211659212 
435.06401067449985 685.7721907728045 
872.1339524587215 136.43550630375856 
379.8591534093495 321.4798104750034 
965.0180623709311 833.9065498384253 
750.4309030905735 90.2874403380809 
651.9078238358379 85.18823647996932 
960.9549906304038 910.8267005824266 
742.797693863059 333.5407524473174 
740.6920431955448 620.7972510987486 
289.2292942045478 148.0472893958614 
706.230429332703 835.0133740728156 
28.66737744741854 711.6776793360477 
644.3083494353962 848.6420773070502 
510.75060592946267 218.29963912689854 
0.20495242598228547 316.99894773600425 
636.0861906518066 535.916241383712 
437.625504987199 416.1782785258592 
130.73828367274552 543.8775207817206 
618.8629117594905 723.2930516669614 
239.05254660166975 669.6309131259114 
450.701685931878 224.13578826062752 
564.5485328360428 558.5093653746626 
979.5766542365681 629.0038600262588 
360.57964759712235 940.9210624681638 
773.798610235821 367.851072873956 
576.2364422339192 216.7002218574763 
418.4300540287983 765.6887738436465 
123.95679512010749 20.901123638962794 
810.4544488054188 981.4241493213228 
168.2910605787067 89.86068434755778 
662.9667309030541 429.71678575559093 
24.67683588896763 211.45635840726175 
489.67667799784766 873.4597801804043 
479.53555871563145 280.6698007526449 
600.1361140946589 626.4982305848132 
342.85404168723113 303.8878822608191 
495.4316350051887 354.91120683257316 
125.30574017265472 298.44637899681936 
784.6998844239913 176.2972639062862 
139.7473669693675 275.7215795733301 
226.7828976060926 185.55556330810563 
195.37596109675636 888.1199194843038 
328.6671191202697 464.7736889874038 
907.5343792813799 549.3728230875132 
77.93506693790032 981.755661199603 
963.8559967919402 818.8615938121557 
996.9720529281826 841.2489461334608 
491.7693901142567 569.9988808197179 
959.2984279646136 468.25606633867733 
967.9827429432943 325.8713420922519 
501.7938892927077 518.8854942908213 
551.687650043957 63.63593234027098 
462.8385406013983 605.0634521343197 
342.8912575585166 429.88413128444824 
324.86506206400355 65.24350031440385 
887.6030214099059 230.2296964934869 
205.16502697995344 206.08644333540227 
196.93015922928626 745.7956222522852 
866.5334984368938 247.9651605710065 
421.3384705892741 233.21062968385775 
616.7188815325968 599.1082831107259 
598.7195249885132 46.39881007110858 
508.5810253792586 681.2090698353051 
429.28590554688253 759.2660591237892 
567.96084085795 897.1839982872758 
55.90125228111808 980.5097379236678 
298.0411455627423 898.3426581659854 
513.3107145458307 741.9391920672579 
286.65169408269077 279.3526815252096 
109.51438037432382 525.4186741137656 
697.7360156638899 184.8150129974604 
910.0907782412347 149.31525516573208 
819.5372705232566 910.9787766958402 
751.0312144730947 731.9341399401424 
490.1332329324853 184.15222869713355 
891.4426553388408 719.9800855052096 
415.2508472259956 979.6255009486524 
513.3059493772021 964.8559608530038 
668.5477353931668 169.0808594643297 
894.5066596362162 6.004813297647349 
574.7995172933356 113.59467585134941 
401.77988346235094 89.33155857852681 
278.0330867859462 834.1953131647753 
228.46506072578487 701.081689585356 
999.2497953520643 806.0046296635264 
486.90979562212453 780.4011300030262 
156.87675592105444 654.9156151276103 
697.6090748984473 358.6884150068903 
840.8428893162835 503.14527768076346 
681.4066144988328 308.0389449231179 
792.4908519816673 655.9534706002877 
830.5299822815751 326.279777822903 
683.9786693121987 612.20817215978 
225.35660506898802 994.9892771156908 
757.5131337306806 388.60973724068606 
867.118581038336 10.14979406806682 
123.20691927686612 196.90735540299642 
138.6247546263737 344.9966609175626 
914.6735231156375 288.04089410642166 
712.4660747181243 25.64075464828941 
991.383660115716 209.77467309618902 
476.7934988025419 830.5686875018592 
506.72919458038865 202.9078238207618 
483.3496829701961 477.0090911948276 
102.61852095249068 702.4377381920169 
697.9402793944536 679.0696220719625 
390.4490465491537 179.80350726800708 
110.88031388454101 653.7424762654017 
942.3105904230313 77.49291000726022 
172.25423134800965 178.47636808507062 
761.9719895679996 680.2636432177285 
799.7738091537315 220.4960937380316 
607.934476788083 5.053522149180534 
474.44890792228176 322.339100008331 
344.64821491352404 316.9792744262242 
617.4224646913315 358.65596204127405 
507.49004693405766 52.6783155470949 
431.44235857744695 804.6404894541442 
677.3250877043364 557.1561888927051 
941.3103310540625 306.32169236986493 
981.68137001955 80.86769703891161 
243.9702937579723 557.6783153783076 
634.9162449915731 831.1763750415455 
383.31683885943033 721.8236437586768 
451.6011860856303 64.34851943310204 
882.6324651154252 596.5222231178926 
771.3530125782652 235.4547772144011 
208.85196700130015 46.93148481889398 
946.6909557399858 520.4597158961765 
671.1687710592762 236.818451604203 
428.02024059354227 428.1027712694611 
442.3898893684505 543.5496523746936 
59.070350518948935 825.8500203468589 
687.3606764879345 270.8281427228563 
836.0061961749817 518.390905627867 
306.6941049526116 396.4411249244457 
740.0787354777848 553.3984660652119 
776.9706781073291 846.074365325153 
458.6845242373612 625.5402784365657 
217.9622335311231 781.3752818231637 
656.6477797895271 441.8194635346525 
414.30436302659155 799.7679788067637 
961.8210148892609 884.5177379519923 
760.5256338251793 571.5666165946036 
306.2393080557124 700.6322882156944 
457.8529564466811 895.9206035221245 
59.97399105433221 700.8040382549348 
27.98851004961067 454.6921473282004 
80.88409915856931 243.39076743939992 
69.02695955254279 230.2671750947116 
869.1583942459406 888.7651814237096 
741.2365978876068 290.17526562563955 
972.5408025205966 322.10587255490873 
793.3310167335992 112.25584334892913 
815.4214217162198 324.19913191909353 
498.72214513480895 903.4648195252335 
184.28061565233622 162.92774076788476 
193.1334567348365 654.0657431930357 
736.4784796406598 504.2549660002972 
772.3919394454481 310.9662846815899 
86.09695696519492 463.0551379334802 
215.13758199825816 468.3590909069911 
213.42653815741264 282.0603954673466 
294.156981814098 69.91389609435383 
581.3851967501465 491.7851133133232 
764.6534998533972 65.26905292703533 
232.24572012007616 377.5165659852121 
349.7021362323005 785.125641503892 
877.5980516287141 777.589420176843 
243.83348343899857 371.9741612389029 
801.0647530036405 839.2185481582352 
326.7747362985479 736.7864558008321 
196.99465739487732 529.7964365765886 
578.6407679511602 121.76129756534182 
996.8375069341514 393.7645789286404 
721.2986625328848 162.52554961415368 
846.0787778837413 147.37210994493256 
91.00480888376717 784.3450153685935 
513.3935115565421 498.8169629486876 
507.94170402053385 19.63325022287399 
141.98877740608185 557.0403452190338 
268.52738569349196 695.7436265967758 
259.7820505327975 521.746663443048 
110.66710187521956 904.3520072670237 
306.84340924073007 51.32422529986791 
277.41960775325646 42.921874951102666 
700.2609245171041 180.97695768500432 
321.71963995105205 569.2147351425357 
552.2892233515573 838.4469828602184 
436.57163921897745 476.05055567831033 
182.97284633231448 236.70129262820194 
211.63493251876542 113.09154978724145 
224.27716800504894 116.8265713405895 
225.70727270478264 769.8006896902135 
937.7213615771852 141.292616455856 
754.6295444523109 336.48487040877563 
971.4930364921903 783.363962628272 
930.874596561889 133.80734261433514 
837.207828568509 643.1139847491252 
878.755049145244 518.6845876903893 
753.966310196822 346.44214567648834 
422.1328440633585 113.3651534014486 
460.23931723947607 737.2224152235038 
331.0758714385067 807.9176692842507 
30.197545500603717 197.65652504340247 
478.5087745154213 795.3452187984877 
980.7482811942558 717.3527458481697 
209.08524186988987 871.5506337449242 
283.1264858502517 295.5582094786209 
565.2199487104228 159.5172434139186 
606.0960234541333 366.6420755336914 
727.873340576382 557.0113140042029 
70.72972454055359 816.2481315480965 
169.0874584526102 907.3289470074654 
706.2229437364691 478.9534302133749 
764.8186156975939 47.40629475316083 
601.7509699804915 462.114498744846 
372.41209828204825 648.6904103886782 
359.14930546863246 153.057273314145 
861.6821513961993 163.36465979000891 
45.935534964772984 202.7274768403531 
199.37340037034056 929.9179585745841 
881.8760261434377 673.9087904431159 
183.78452412199974 324.5441676021219 
361.0245162471331 458.15951165120794 
293.2100798171524 22.645808269782464 
815.0930650200079 222.0963416674242 
654.3043666564846 593.7209024629476 
898.0384162868554 782.0863264376995 
240.98112820162777 203.94807412508942 
110.69519823114527 183.7724790818016 
925.114273707346 8.450037110873886 
569.2170688428141 447.2623393068742 
480.9955050524033 535.3961342389892 
936.6003867170667 126.55937131128469 
89.92711408082855 636.1168200026962 
741.4481589936931 598.8795406497911 
955.8610887595102 316.4276391563875 
820.7505759274965 741.4926614816138 
551.6823532433385 345.861953894756 
870.5358280183683 576.2099402621769 
373.9958652797639 395.7602360468565 
993.9432032125462 824.639404602744 
187.66840796918106 252.8780840340269 
488.2514189538706 558.9529869877509 
505.32104541906784 491.39048675654374 
334.05473221218375 58.47302679559774 
968.000205457756 250.21185273819324 
42.90212247555936 600.3633829099331 
531.8144586408191 99.2299766789151 
692.4498932133918 40.74909745442268 
88.4846826985668 763.9801779158166 
530.7643251893555 682.575513238676 
202.88867385751809 151.7832228272904 
852.5338601042762 210.54324280322766 
498.15868975832024 31.308850300506897 
518.4397845923255 469.9827110550795 
822.0213885777898 208.6834064689248 
134.32904097513344 718.0848494482844 
284.388086460132 282.97291666509796 
502.41665923549783 343.10172821925113 
40.349346752065365 340.96375570836676 
757.3841911394026 713.7711446179446 
461.218763898827 300.3207253453757 
91.40366846074643 75.15312258377061 
783.5049455582807 675.4364859243506 
624.9573412066434 26.701696623844917 
789.1387111380416 804.4410338801657 
406.8113257786722 663.3784093736849 
445.117838034072 908.6920052313053 
622.9254785143017 836.8091181101717 
59.55460040628069 159.99985691603425 
902.5669876239396 993.8164130212538 
500.9735201677473 473.8671004512245 
731.5296715863085 728.2645021041556 
888.5739707607613 859.1540906448341 
200.88669226447598 291.74390499629686 
720.693295199445 815.9982465508539 
906.2360288147597 754.0986551893261 
467.66992406440835 491.30420453282466 
54.74454448104604 125.70804752584053 
908.9087398870092 853.9653792968054 
827.1836249755617 548.5986885149629 
206.5416079018918 721.604118778315 
894.1647243121116 5.5857567353208015 
210.44288350023265 867.6337474925141 
776.8539510439558 16.48686045673142 
539.2024647111609 14.837004968924372 
195.84056895242975 840.8207066211372 
480.00126103986804 694.1605005566083 
205.39875489400816 414.78047788517824 
180.55493514847987 304.65071621379724 
145.3791574977459 915.6900377450036 
390.9708067664275 342.4868363660438 
180.4713411928771 557.9116370898423 
512.4543951598994 239.4608174294719 
298.0986385289217 371.91517904670667 
535.3941069596182 38.52716168349901 
822.4720756843182 118.19761402217178 
176.61298206535915 697.5834472584773 
256.123591647256 391.35229422308794 
514.4571561297878 835.880807606933 
79.52833242698276 749.1833722139813 
146.68366864996253 936.6925243350768 
209.24730966149707 281.7064736331507 
503.9648642418859 513.7886435434021 
530.3650318892711 510.0373400557864 
645.7252814027818 890.2135029083651 
448.2419894575655 407.9709628520577 
749.0573673103037 339.8444235643221 
797.6284857389679 855.2345534416968 
213.68656719689972 43.86442607268859 
86.41926314241822 743.1733722311601 
354.198005570756 930.902798485098 
258.86539625332637 695.7369686121675 
11.66234266196664 946.2261178994497 
748.3577697100811 258.2927159777694 
849.4850204940167 656.5665697760109 
344.53148432046186 46.92310751461903 
100.01958960647673 509.2068971594574 
485.7780180533634 265.6732406478468 
568.8470089517871 484.91327325597376 
439.82923862212675 855.1506211217672 
584.3824756989399 261.4318326833488 
779.5270295453076 430.5028237813687 
512.1891617210694 250.48574801246727 
660.7031445705533 562.3605557085623 
330.48590765576137 445.17879648154667 
249.0808015201408 104.67535587501553 
989.8164312921574 63.27966248259298 
705.9965077896405 466.10780037139244 
528.8107916540051 381.17572821695455 
759.5379341146911 249.48297448152312 
928.991370521856 123.84532524164382 
110.423892473406 102.3181627650015 
820.8932564445953 494.55455713220573 
82.86573518632557 238.46188358546638 
98.61672731565463 95.59415975490626 
951.7913516353541 61.762479225409336 
737.1606607945611 791.0047728503525 
81.53800956368895 784.6783236536836 
166.69463856431088 365.88913847655357 
438.8052495005956 886.2653311565826 
840.4698287076121 966.2767098981675 
986.888992008423 562.975928647751 
595.9787010310758 866.2493174282986 
422.1308810759583 312.0806735086473 
437.07090051417686 390.69012855520435 
987.6765104849012 406.37509678445093 
31.97140294148093 970.8827459923547 
984.5205013321473 442.38529889470715 
646.1966534917075 800.5741801284881 
51.02083186623363 733.6163034411097 
584.0181386917661 393.1763074694686 
500.8606404313972 942.7807326049107 
879.3449492037134 340.9891436878153 
472.0377798262184 861.3531407702146 
300.3183821790636 886.0067875587164 
740.0448365775701 47.32460707446884 
752.8060365938844 178.35852540359187 
333.38491336464705 470.7188947051358 
202.2003818979975 687.4757279307123 
735.6008158389351 938.3575486609934 
968.0262382759048 43.51676664466775 
722.872487709153 631.4337663493139 
972.591743246056 693.9197394609478 
197.4008361546793 467.47527688690406 
705.5891293157048 870.1532147428219 
905.6370400861415 688.4792016688556 
523.634764625132 872.7568770462348 
626.3441429711552 402.2136643351476 
750.4591442144007 805.0964084065297 
181.3597531246216 129.7611847860676 
113.67950624254763 213.7157423483087 
482.87780979964543 534.7115628563129 
677.0532378645853 882.3294246179838 
97.56764315719369 625.8770386427572 
717.5112888763753 707.6849681761032 
990.5505721398047 355.8640557582201 
747.4903616081172 306.031437544405 
668.4709266983426 906.0659541703476 
846.8457133630737 965.9621489471697 
852.7127963163421 30.957092639246063 
683.950529466324 164.4805319670205 
737.2803608390125 45.37686610204861 
922.5648313907101 342.6989515058938 
357.24784344353753 510.9617995538249 
513.6759520465856 493.14536685738375 
452.7792702358203 81.9659193205 
649.3529779627394 401.24098684254426 
555.0382235345456 742.8259764661312 
310.3800031693059 571.2791532301704 
250.03093291885148 440.9286478800107 
588.6786049942046 215.09389150322576 
326.7525825918142 535.0126579915777 
344.8233423022663 254.67410071030295 
54.939274623424296 862.5529531751215 
407.96481372164396 22.286579196345357 
471.37679557446023 467.01373537796684 
419.3428008891088 808.1882956445082 
34.743896827722494 247.97016516614977 
494.59325175957616 142.15289109086294 
872.5877715241791 192.24146411807118 
888.4431014104943 903.0022312879059 
461.27571567377754 135.24476374517036 
92.22026595720001 528.5664159331639 
975.9528527998164 745.3057323493375 
611.6226351924577 307.55756602163706 
723.6774067402458 462.9691447108283 
271.95713005428047 942.7125842889831 
227.86810700379323 273.0444862306818 
528.5464783141115 275.7711061285186 
415.83359061896186 654.6472420446307 
346.31574142325314 23.812513287141734 
85.23988975391327 424.09409621842207 
841.9692362277327 653.7453609931752 
283.19807300997235 651.7052310658737 
8.949527143707003 739.2434598890876 
819.0978752643183 759.4823702393251 
117.21734904288638 152.6600253217113 
290.0703611816753 323.6659563658989 
909.8580081961373 84.46249803730854 
318.83153102023465 903.2520911253496 
644.3043357364988 490.0773654023517 
837.9617925120394 356.7839546876104 
121.49858140221559 65.42138563509315 
241.45209527469723 517.5379239158501 
300.8193189871602 39.85865137831324 
368.81480099260455 429.5442378121932 
67.37688938978481 259.68482599880804 
771.8260231910067 23.90046122772138 
494.9919050824865 737.0005993951099 
715.3052653386235 190.81536377078 
739.8855939365171 543.0739918919455 
930.9257590751427 915.5230995732124 
256.4787380414033 853.4051860192852 
19.429759007792423 568.3937394263446 
98.94990925305957 160.04003273283328 
793.6077581529777 866.0134378735052 
867.3327670170137 106.26031526524304 
274.1244800766663 575.8853902187561 
272.09740833585937 54.46866961215957 
329.5910254674035 749.8895809129739 
470.3599685727641 408.9291112087925 
320.7804254068984 842.5798156492831 
507.6016234735391 673.4568920563011 
720.4954889292272 38.35929467053578 
777.3092480073682 807.9322873088804 
915.9091836537027 253.05288051475006 
644.1552032258769 128.61139284215918 
78.21029639473021 382.1674960524901 
592.3330318610194 486.9267743120664 
616.9479353986458 155.07285209065645 
671.3329800151125 584.0405964730577 
578.2793165069507 364.3154150277116 
468.03656116443227 781.4561580206288 
286.81338074789875 317.69307071620466 
394.13463271043224 979.6912064574859 
101.90468143672793 57.028633128354265 
211.0233197049346 352.5376000603169 
794.4240172074672 79.04197621762832 
429.3054331375037 900.4290708155826 
27.411884744204862 446.8899972495524 
41.074635104467184 75.37370741810622 
806.5257288841881 205.3103750391798 
581.0596220311485 108.02694425645765 
752.2113045872369 429.37520271556286 
922.8683931097182 667.8230992442332 
227.39967925499238 891.2011203775919 
346.2133139753321 431.81733926390007 
85.71057568352036 131.28993684141122 
173.52541450075952 545.1934137487725 
93.21694534654645 80.77322180475055 
50.10520059920132 500.1071954492856 
34.417091350911086 895.1945471352283 
681.9349793555593 196.84305899053135 
736.1579907676323 229.60101991892301 
792.4891819106932 759.9562398123679 
939.705847441614 20.53722444813677 
283.0995991881849 126.23283174814026 
767.6818090907651 43.112212211897315 
190.3305145219052 553.2408489938078 
795.6809026057307 245.0752214274766 
938.2277414839593 569.3519851904457 
307.3281280718121 457.0085549898237 
523.6625060168667 378.1692082564269 
43.77255702295479 408.25653846534107 
953.7986481033724 333.214542568611 
102.83600021250294 913.8881095655415 
887.4463488198535 82.13911320129641 
178.11220939446258 862.5722971901577 
245.08354644873685 209.24418895796038 
324.9352374907103 705.7655852352304 
366.88315945260194 981.5557536874427 
265.8785356132057 48.368693946088 
997.5988761674441 4.802909014862133 
29.518014919986623 380.9990612834762 
963.9879173361879 612.5211260726892 
757.089030165783 135.49947138944708 
326.4809670387114 336.4898580750999 
992.5218557764356 189.8763498473076 
964.321044791877 909.2362791049285 
185.38204962981686 205.21893632950773 
835.9055228280199 156.25528123449928 
155.05523911753505 79.85890178676469 
254.37275441167995 335.4181138580931 
39.1360166961251 441.2883267022523 
855.1319473802571 260.1499277928052 
757.3760177458934 601.3769952028388 
498.9909381936828 621.966699861805 
811.2197182566944 144.8702082456582 
658.7606068552442 504.8015602740299 
753.4344137904383 931.3819136061875 
122.22400555069146 247.94374567709698 
131.15721667039315 54.042629926449926 
807.5626834778434 398.68660827011905 
927.1528494454415 495.5154389610388 
281.6677756493873 22.2050555523986 
16.768496208081075 558.9178889606645 
180.85693593346275 569.5407286156394 
616.8513793392785 857.6817271785865 
919.4446052633773 459.40042475878295 
523.0193421227095 883.3497504474869 
446.0708552353312 570.8409691999054 
708.6588783145918 768.9409151081754 
487.22471212124543 261.0217354061217 
527.8442011825733 327.9407238364113 
402.31237451666436 393.0566395639463 
550.3351259207593 164.0014087721262 
914.3326030535395 260.3939165221723 
954.6217593457571 930.6510665891724 
158.23333139282892 762.6592827139073 
360.4161350207542 948.4064765727555 
249.35353086328672 211.1691145236807 
71.97973447222972 723.9698479168547 
547.0955667026326 394.91948648174724 
844.7073822092489 277.22083403250997 
467.5025310541787 14.773352604623756 
193.18713280205156 241.76478793244604 
42.589445048957565 512.4405316782576 
309.59740055034933 430.9672040087216 
461.37635469034524 612.9514492343997 
989.7995816299156 883.0285371455619 
371.2464590953902 710.3986728763101 
516.7366423972279 909.844499338159 
525.3469287784114 879.5568943576842 
90.95094427139617 88.2053251141074 
937.3870146085403 892.8383608891589 
340.0086812552223 385.11053600079606 
597.4352110616437 174.48804322703603